-10900    0       0       0
-10000   16      38      80     250     112     255     255
-7000   31      65     110
-5000    25      76     138
-4000    36     114     179
-3500   110     222     239
-2000    72     140     159
-500     75     164     164
0        52     107      44
400      69     150      57
500      73     186      57  
800     176     171      94     
1100    219     209     110     
1300   140     118      89
2000    116      96      79
2500    150     127     106
3000    187     179     156
6000    233     233     228    7000    254     254     254